AUC: 0.9695504304389415
Accuracy: [0.88453608751297]
Sensitivity:  [0.7958762886597938]
Specificity:  [0.9731958762886598]
MCC: [0.7814556397956496]
Precision:  [0.9674185463659147]