AUC: 0.9678244234243808
Accuracy: [0.8865979313850403]
Sensitivity:  [0.8185567010309278]
Specificity:  [0.954639175257732]
MCC: [0.7804560594455952]
Precision:  [0.9474940334128878]