AUC: 0.9797223055507922
Accuracy: 0.9113402128219604
Sensitivity:  0.9447311760345933
Specificity:  0.8776714970606332
MCC: 0.8272889443725703
Precision:  0.8885950237524505
[0.9797223055507922, 0.9113402128219604, 0.9447311760345933, 0.8776714970606332, 0.8272889443725703, 0.8885950237524505]

