AUC: 0.968672547560846
Accuracy: [0.8876288533210754]
Sensitivity:  [0.8206185567010309]
Specificity:  [0.954639175257732]
MCC: [0.7823153558618903]
Precision:  [0.9476190476190476]