AUC: 0.9804747913562222
Accuracy: 0.8948453664779663
Sensitivity:  0.9654241426291659
Specificity:  0.8246308186327171
MCC: 0.8010653395061732
Precision:  0.8504204299172355
[0.9804747913562222, 0.8948453664779663, 0.9654241426291659, 0.8246308186327171, 0.8010653395061732, 0.8504204299172355]
