AUC: 0.9672398767137846
Accuracy: [0.892783522605896]
Sensitivity:  [0.8680412371134021]
Specificity:  [0.9175257731958762]
MCC: [0.7865305968898711]
Precision:  [0.913232104121475]