AUC: 0.9592772877032629
Accuracy: [0.8597938418388367, 0.8793814182281494, 0.8793814182281494, 0.8886597752571106, 0.8865979313850403]
Sensitivity:  [0.7422680412371134, 0.8350515463917526, 0.8103092783505155, 0.8597938144329897, 0.8474226804123711]
Specificity:  [0.977319587628866, 0.9237113402061856, 0.9484536082474226, 0.9175257731958762, 0.9257731958762887]
MCC: [0.7403295099633734, 0.7617627338190047, 0.7661082495834024, 0.7786182297475162, 0.7755801078561665]
Precision:  [0.9703504043126685, 0.916289592760181, 0.9401913875598086, 0.912472647702407, 0.9194630872483222]
test
ACC :  0.8597938144329897
SN :  0.7422680412371134
SP :  0.977319587628866
MCC :  0.7403295099633734
AUC :  0.9635115315123818