AUC: 0.9682027845679668
Accuracy: [0.8917526006698608]
Sensitivity:  [0.8247422680412371]
Specificity:  [0.9587628865979382]
MCC: [0.790637859647655]
Precision:  [0.9523809523809523]