AUC: 0.9677457753215007
Accuracy: [0.8907216787338257, 0.892783522605896, 0.8443298935890198, 0.892783522605896, 0.8989690542221069]
Sensitivity:  [0.8329896907216495, 0.8536082474226804, 0.7010309278350515, 0.8515463917525773, 0.8701030927835052]
Specificity:  [0.9484536082474226, 0.931958762886598, 0.9876288659793815, 0.934020618556701, 0.9278350515463918]
MCC: [0.7867050379187247, 0.7879893895818652, 0.7188133305110234, 0.7882524304187049, 0.7992712331890948]
Precision:  [0.9417249417249417, 0.9261744966442953, 0.9826589595375722, 0.9280898876404494, 0.9234135667396062]
test
ACC :  0.8989690721649485
SN :  0.8701030927835052
SP :  0.9278350515463918
MCC :  0.7992712331890948
AUC :  0.9677457753215007