AUC: 0.97332341375279
Accuracy: [0.915463924407959]
Sensitivity:  [0.8865979381443299]
Specificity:  [0.9443298969072165]
MCC: [0.8323160386956207]
Precision:  [0.9409190371991247]