AUC: 0.9606249335742374
Accuracy: [0.8865979313850403]
Sensitivity:  [0.8329896907216495]
Specificity:  [0.9402061855670103]
MCC: [0.7776786508695077]
Precision:  [0.9330254041570438]