AUC: 0.9789350784181432
Accuracy: 0.9144329786300659
Sensitivity:  0.9221806917746894
Specificity:  0.9056093382116133
MCC: 0.8329720200171054
Precision:  0.9119300589198762
[0.9789350784181432, 0.9144329786300659, 0.9221806917746894, 0.9056093382116133, 0.8329720200171054, 0.9119300589198762]