AUC: 0.9396875332128812
Accuracy: [0.9020618796348572, 0.8979381322860718, 0.8855670094490051, 0.8855670094490051, 0.7309278249740601]
Sensitivity:  [0.8804123711340206, 0.8865979381443299, 0.8288659793814434, 0.8618556701030928, 0.47835051546391755]
Specificity:  [0.9237113402061856, 0.9092783505154639, 0.9422680412371134, 0.9092783505154639, 0.9835051546391752]
MCC: [0.8048785587551313, 0.7960810674883173, 0.7761407652679806, 0.7720025916406061, 0.5351567004755962]
Precision:  [0.9202586206896551, 0.9071729957805907, 0.9348837209302325, 0.9047619047619048, 0.9666666666666667]
test
ACC :  0.8814432989690721
SN :  0.8144329896907216
SP :  0.9484536082474226
MCC :  0.769831600183243
AUC :  0.9660388989265597