AUC: 0.9697651185035604
Accuracy: [0.8876288533210754]
Sensitivity:  [0.822680412371134]
Specificity:  [0.9525773195876288]
MCC: [0.7818822250735145]
Precision:  [0.9454976303317536]