AUC: 0.9448145392709109
Accuracy: [0.8639175295829773]
Sensitivity:  [0.911340206185567]
Specificity:  [0.8164948453608247]
MCC: [0.7311309769666916]
Precision:  [0.832391713747646]