AUC: 0.9285671560450077
Accuracy: 0.8597938179969787
Sensitivity:  0.8718144625545063
Specificity:  0.8488448607419976
MCC: 0.7210218925139427
Precision:  0.8525493837969547
[0.9285671560450077, 0.8597938179969787, 0.8718144625545063, 0.8488448607419976, 0.7210218925139427, 0.8525493837969547]